   4.5000000e+01   8.6000000e+01   3.5800000e+02   2.2300000e+02   9.3000000e+01   6.3000000e+01   9.3000000e+01   6.7319401e+08   3.9157895e+05  -7.8142549e-01   1.1393238e+08   1.0000000e+00             Inf
   4.5000000e+01   8.8000000e+01   9.0000000e+01   4.3000000e+01   9.3000000e+01   6.3000000e+01   9.3000000e+01   5.7775820e+08   3.8291252e+05  -8.6129681e-01   1.2749148e+08   1.0000000e+00   1.5141626e+00
   5.9000000e+01   8.8000000e+01   9.0000000e+01   4.3000000e+01   9.3000000e+01   6.3000000e+01   9.3000000e+01   6.2562337e+08   4.3016648e+05  -6.4808619e-01   1.1066693e+08   1.0000000e+00   1.5337757e+00
   4.5000000e+01   8.8000000e+01   9.0000000e+01   4.3000000e+01   8.0000000e+01   6.3000000e+01   9.3000000e+01   6.7109890e+08   4.7414630e+05  -4.6452628e-01   1.0934486e+08   1.0000000e+00             Inf
   4.5000000e+01   8.8000000e+01   9.0000000e+01   4.3000000e+01   9.3000000e+01   6.3000000e+01   9.3000000e+01   5.3672565e+08   3.2209809e+05  -1.1643983e+00   1.3863645e+08   1.0000000e+00             Inf
   4.5000000e+01   8.6000000e+01   3.5800000e+02   4.3000000e+01   9.3000000e+01   6.3000000e+01   9.3000000e+01   5.9262578e+08   3.1893668e+05  -1.2267246e+00   1.7658927e+08   1.0000000e+00             Inf
   5.9000000e+01   8.8000000e+01   9.0000000e+01   4.3000000e+01   9.3000000e+01   6.3000000e+01   9.3000000e+01   6.0043411e+08   3.9113073e+05  -8.2302988e-01   1.2438744e+08   1.0000000e+00   6.0406327e-01
   4.5000000e+01   8.8000000e+01   9.0000000e+01   4.3000000e+01   9.3000000e+01   6.3000000e+01   9.3000000e+01   5.5398767e+08   3.4790179e+05  -1.0421182e+00   1.6729963e+08   2.0000000e+00             Inf
   5.9000000e+01   8.8000000e+01   9.0000000e+01   4.3000000e+01   9.3000000e+01   6.3000000e+01   9.3000000e+01   6.3037290e+08   4.1358815e+05  -6.8825401e-01   1.3014949e+08   2.0000000e+00             Inf
   4.5000000e+01   8.6000000e+01   3.5800000e+02   4.3000000e+01   9.3000000e+01   6.3000000e+01   9.3000000e+01   6.1109410e+08   3.2650973e+05  -1.1276143e+00   1.6447087e+08   2.0000000e+00             Inf
