   5.9000000e+01   8.8000000e+01   9.0000000e+01   4.3000000e+01   8.0000000e+01   3.3200000e+02   3.8800000e+02   5.8356278e+08   3.3972744e+05  -1.0247567e+00   1.5688427e+08   1.0000000e+00             Inf
   4.5000000e+01   8.6000000e+01   3.5800000e+02   2.2300000e+02   9.3000000e+01   6.3000000e+01   9.3000000e+01   6.7319401e+08   3.9157895e+05  -7.8142549e-01   1.1393238e+08   1.0000000e+00             Inf
   4.5000000e+01   1.1100000e+02   9.0000000e+01   4.3000000e+01   8.0000000e+01   3.3200000e+02   3.8800000e+02   6.0587485e+08   3.6369704e+05  -9.1833092e-01   1.4785743e+08   1.0000000e+00   9.8559974e-01
   4.5000000e+01   8.8000000e+01   9.0000000e+01   4.3000000e+01   9.3000000e+01   6.3000000e+01   9.3000000e+01   5.9421317e+08   3.6098622e+05  -8.9379015e-01   1.4348012e+08   1.0000000e+00   8.6203203e-01
   4.5000000e+01   8.8000000e+01   9.0000000e+01   4.3000000e+01   9.3000000e+01   6.3000000e+01   9.3000000e+01   5.7970763e+08   3.4827713e+05  -9.8953085e-01   1.6120283e+08   1.0000000e+00   6.4737519e-01
   4.5000000e+01   8.8000000e+01   9.0000000e+01   4.3000000e+01   9.3000000e+01   6.3000000e+01   9.3000000e+01   5.7775820e+08   3.8291252e+05  -8.6129681e-01   1.2749148e+08   1.0000000e+00   1.3309649e+00
   4.5000000e+01   8.8000000e+01   9.0000000e+01   4.3000000e+01   9.3000000e+01   6.3000000e+01   9.3000000e+01   5.5398767e+08   3.4790179e+05  -1.0421182e+00   1.6729963e+08   1.0000000e+00             Inf
   5.9000000e+01   8.8000000e+01   9.0000000e+01   4.3000000e+01   9.3000000e+01   6.3000000e+01   9.3000000e+01   6.2562337e+08   4.3016648e+05  -6.4808619e-01   1.1066693e+08   1.0000000e+00             Inf
   4.5000000e+01   8.8000000e+01   9.0000000e+01   4.3000000e+01   9.3000000e+01   6.3000000e+01   9.3000000e+01   5.6168469e+08   3.6136706e+05  -9.4688521e-01   2.5845858e+08   2.0000000e+00             Inf
   5.9000000e+01   8.8000000e+01   9.0000000e+01   4.3000000e+01   9.3000000e+01   6.3000000e+01   9.3000000e+01   6.3037290e+08   4.1358815e+05  -6.8825401e-01   1.3014949e+08   2.0000000e+00             Inf
